810716599
27077
65052
5844
19619
48327
17949
20000
42464
22324
77338
74491
73082
22111
3103
39094
20656
67197
16924
18108
30095
6784
16681
41312
9429
22727
16423
46639
25345
56460
22462
38003
64842
39320
68960
61938
3290
60436
17334
1705
44802
56112
23506
56049
53231
60212
47477
74334
12804
51694
18441
30426
2880
65708
64298
74161
69863
52943
24521
68370
12545
15388
47131
15374
69721
25914
16738
21610
56945
1097
49909
28653
75302
10960
55471
70968
75232
24282
15185
36994
19346
42616
19256
32651
15034
7938
41098
42489
43853
13514
39614
14889
32475
19731
35239
57848
42302
35180
3420
33738
23791
79248
14655
33658
11757
20917
432
74660
37917
64750
52030
79524
3240
30744
70301
59002
67485
73159
61864
67470
34931
33495
33490
20765
44806
1685
75901
30646
23533
30638
57470
40496
29155
53202
72992
68707
43278
29130
10055
15719
36122
70035
65822
20543
12781
29032
21926
2921
61552
9931
28969
50207
53016
30372
33178
18374
43085
69900
35964
45857
67077
65669
72683
43044
78659
74133
59961
15468
50102
69829
27440
6965
27434
62782
6930
19635
28801
14015
51453
44346
1224
8312
50010
31576
11081
37230
8241
76776
6808
9621
65452
73930
72456
58329
73898
27210
12344
28591
75250
55418
6672
58233
25739
28543
19357
8064
5199
51129
34108
44017
31273
70812
21347
52491
36878
60916
67997
29837
17841
48184
53875
38326
53870
45352
21287
6493
2270
39694
63728
16378
59436
48111
56610
73590
45283
42468
2228
49563
25436
3613
43850
45251
31082
26854
49499
77728
65023
46599
52292
31042
4937
4933
10554
26807
635
50844
55052
77652
76243
66331
33778
11872
3427
43659
47871
9032
25205
28071
50725
77536
59137
18875
28041
10375
23719
63368
61960
17426
14621
59082
70368
52049
7510
57647
389
36400
34985
71730
33575
14558
67501
73181
37846
4636
14537
44866
34954
27908
71690
71689
60401
34947
46263
17324
60388
13050
70273
1725
23600
68860
23596
8816
74541
7395
26464
7386
68831
5966
15861
1675
27823
71614
46183
70197
20720
51865
60298
54663
10125
7302
1611
54640
56039
78955
12918
26355
43296
41886
27735
24856
22052
1572
8673
41878
64501
132
78605
43275
121
37636
65883
11449
5825
5818
20611
12850
1530
98
39019
74355
50345
57367
88
30506
78556
60159
26256
24775
2969
14267
5762
30460
57313
74296
65804
77102
74290
72880
38950
44571
69990
75679
60103
15629
37528
72786
78786
44549
74257
72778
7109
67158
61536
2890
4294
77047
64337
26161
77037
4281
33191
71343
41697
55822
65725
52991
68499
5637
71302
18347
50170
16941
1346
41657
61466
8444
5624
20412
78687
67076
45846
72676
30306
75551
6997
15482
68433
20366
40182
20362
64220
35888
27437
42991
51496
38757
21744
21743
50073
48592
6943
26014
40147
23119
68380
75471
37321
44348
66965
59880
75443
64150
25966
19604
57043
16791
15383
57036
64128
47116
13959
71113
21637
20223
32935
13928
69667
9627
44234
72465
21588
62636
42816
37188
55532
27263
22976
61212
59744
47019
71025
5363
66816
8178
51295
62598
28632
70994
31425
49848
73853
12341
35635
21504
44143
25779
22897
25774
16589
58254
39898
61118
52622
12307
5274
48325
31375
66724
44100
73803
51200
56813
59625
2441
27128
29947
22842
34164
36966
6638
2417
53975
25701
6625
8035
51155
16517
75154
3802
72272
22800
70860
19993
17895
3775
3771
49689
27035
55301
39763
45386
29846
21334
72202
75076
3725
39738
27005
22717
9343
56675
65173
16409
6502
35422
38293
43924
59458
55235
22681
16383
48127
25477
31170
52404
25469
48112
6462
76407
16357
59419
21240
67900
5040
7856
32553
43870
5027
46671
43862
6424
43856
52364
16325
53765
52359
70662
76352
14907
2183
76339
16296
45224
17692
29667
70629
77721
60734
36688
11985
52298
14858
10575
45182
53685
22529
45166
19039
21121
33842
63573
46567
36647
63565
2103
71983
25320
62157
28186
33824
73440
7710
53647
6286
40900
79349
2062
11903
29565
39482
26751
66323
40877
23854
45091
46496
55002
71900
33754
76183
50765
79679
40844
25232
53573
66270
50747
45050
33726
11834
79656
49331
47847
42219
73326
69038
39385
69025
8986
35086
11788
69013
28035
26634
79225
3348
50689
4749
8967
66200
64797
13175
10365
22335
71797
3325
68985
61963
79193
23717
37922
11741
3309
22306
1825
71771
36437
53453
73235
25101
4697
66149
79540
27969
18797
59055
6089
66131
63326
59041
70335
47719
59038
14572
37872
34988
36394
23657
18770
13084
30752
49169
17353
32156
18751
66095
29332
23636
32142
74576
32136
7431
75967
18729
60395
79463
10240
58974
317
33518
3195
39207
43428
53343
64647
64644
54740
47638
1708
51931
77340
23580
64637
22182
1703
68834
5979
7384
71644
30679
29258
47613
22162
79033
12996
12991
4557
61798
4552
70211
68808
75900
10174
10171
70209
54693
53293
71613
56097
77298
20735
67396
37741
75887
30639
29224
12967
11558
1650
22129
68786
78997
47575
15826
49047
53263
34842
36246
63163
34838
44748
24909
20705
47558
68764
50444
15809
32016
40524
70165
20701
48964
26376
57455
77241
61721
23478
4478
67332
78946
54623
24875
60247
10092
54615
63111
15764
30569
33379
26340
30565
24861
56008
12891
67308
24845
27721
33357
30542
44675
18547
72971
74380
39039
54577
20621
51768
44661
48880
65875
78890
11445
22013
68676
67277
67274
29106
50350
1522
2992
40415
74342
15698
18505
1510
64439
50322
65838
33296
64435
53126
44611
53121
5773
36101
4368
57328
77117
2953
30457
64407
40368
27622
70006
78812
40359
37545
17050
18452
68595
64392
61574
53081
31840
34653
31836
9956
62972
58694
47374
75676
77079
72860
40339
67180
38928
33229
20510
65767
75662
1422
67163
41717
44526
78451
7097
74231
38892
47332
15585
55833
1396
57240
43112
78744
50208
53013
14175
62912
1380
69929
69926
47312
16970
8478
43089
48712
18363
40271
71314
78409
14155
67106
55796
72715
12680
38847
7041
14142
54381
31736
28916
43057
69876
50148
38821
71277
64266
72682
5613
28898
27487
8424
2796
9825
37405
5600
28884
76944
59966
11219
1306
34507
37391
20381
78650
23177
61418
51511
6977
38774
61408
12603
24565
16876
33082
33081
68423
61402
45801
50093
59930
20344
71207
28826
75485
55685
72606
5537
40146
24529
69789
31636
33041
66981
30225
34443
42953
45759
20310
30213
24510
65564
64163
6914
75457
45743
44333
66960
35827
47141
54241
61331
47140
27367
62734
51428
2680
62733
48540
21678
4078
15382
13982
18185
20263
57027
19581
52806
58428
6864
8277
74001
72527
34372
35779
20242
68305
38649
2632
5435
35759
75380
45658
37157
12451
21611
13921
54162
62659
32925
31515
56966
34326
66864
23002
20199
64055
11021
30098
22994
65450
56953
38601
15298
15291
5383
52731
35707
20171
15281
51304
5360
22954
54106
5356
3952
56910
19464
72418
21544
8164
46987
38544
20128
65385
62576
55482
15232
28612
39941
54075
22919
1031
75265
52660
45554
55462
56869
5313
45542
58272
28587
78061
21499
32810
49826
9515
20084
2478
76640
32798
12314
72353
28564
37011
59653
54025
20066
63925
49802
20063
37004
29968
63919
6669
29961
78019
20054
70917
10881
75194
44086
52590
19355
58206
13738
20027
25709
21426
73770
22825
36960
39839
72291
52560
62460
29914
24212
28492
15114
2395
6609
36937
70863
72268
25670
65250
3790
10814
22786
49714
75127
36912
35504
42609
56733
16481
53924
72244
28451
9392
75113
13670
36897
17871
45400
39773
36888
58120
35476
66608
22746
63797
65201
28428
32657
48195
6545
77899
12173
32653
3733
842
38333
27010
51068
38331
77881
77880
75065
59494
65177
7935
58084
62352
10726
42528
53849
56655
52440
38302
5097
35420
77853
42523
70756
48143
21285
59462
29784
39697
59457
7897
58048
19873
42508
59451
35403
39685
13574
46716
3666
79918
76418
24065
31163
60832
13559
33977
46701
28335
74999
22648
7865
19841
16351
17751
56600
69299
46683
7855
50972
6434
62277
17738
65088
56587
76380
59399
41043
14927
65080
50960
22619
66478
67879
26899
19810
19130
49542
56570
59387
21211
49538
43846
31114
21207
6411
25481
36738
3600
29703
13508
67863
22593
48048
62239
36721
10615
38191
29685
77743
28269
65040
55133
22580
76334
39595
9200
9199
36710
13484
74926
29672
38179
74921
45208
55119
28245
74906
33873
77710
62199
32463
63600
72014
46589
70607
28227
57912
56501
50882
53691
29636
28218
19048
38140
63583
69190
62176
56485
22528
3519
40939
29616
70579
47964
60689
6315
17620
71973
40925
17609
55043
39506
29587
6291
16188
50813
35201
7690
38079
7689
40891
35196
22466
63519
4866
25266
6261
570
17567
36587
59223
52193
26732
47899
40866
47893
21037
76189
3429
40850
62075
29523
79303
43662
60601
50761
2012
26705
49349
60595
74761
79285
26681
56358
25206
46433
4785
62030
56339
54930
16086
491
33699
67634
73311
11802
18884
74717
25175
39378
3364
77521
46410
67620
46408
40781
53507
77515
57720
37961
43585
13248
1866
43582
4745
66193
7546
71798
71794
37933
35054
57690
1843
59093
42147
6118
66170
56268
13209
7519
50646
14615
47758
79180
54856
33624
46349
415
18816
43538
36436
22300
35027
79551
8920
26582
46342
70356
16000
29387
11721
23690
44928
30795
40708
22284
29380
36418
71749
23683
20879
26561
47732
39285
50613
52018
79150
23672
8892
18781
71735
66122
6070
53413
18774
25068
6066
27940
64716
63308
30765
17369
61903
32171
25060
50593
61897
66107
79500
57615
30755
32161
20840
13083
13081
20839
8863
27920
67498
49165
56191
43473
17348
15942
60411
44872
32146
23631
74578
71696
25032
23623
335
67482
26504
54767
53369
74567
23616
46262
32131
11644
79089
327
15917
79460
3208
64665
20804
50549
57572
67465
11635
6007
20798
32114
70263
20793
67457
71665
75947
3194
43434
11626
51935
37795
32103
74537
60364
79437
23584
64640
66040
10211
51928
60359
20775
67435
24982
17285
23569
1689
24972
60345
27847
43403
51911
44804
75912
50498
53309
77313
33471
70218
47603
44795
30660
61797
63202
75902
26430
27828
24951
56101
34872
14452
73084
7352
79008
14442
39143
53280
12968
5932
1648
40546
1646
20723
24929
61768
53271
14432
24927
73058
71588
44761
65978
7329
29210
61760
74465
4520
50454
18626
79364
47564
56065
39122
3104
79360
26390
1626
23502
60283
78974
75855
8724
4503
65957
26379
26378
18608
8717
73032
67352
15796
43326
78962
30595
68750
30592
18600
68747
71552
18595
15785
51828
61724
77236
56032
46121
60254
53224
50412
63125
40494
30579
14377
47523
27752
36199
22065
39073
3057
5865
3053
11487
48921
1578
61701
37664
43290
31960
24849
65904
34771
29136
40464
48971
40463
77198
27722
7250
51784
48901
77193
44678
74387
72972
11461
5838
60210
39042
17145
72970
68690
34753
51774
1548
77183
70094
68686
72964
36156
75776
15725
70088
18534
29114
48882
7227
46059
12852
65868
65867
74360
8631
18523
4408
41834
48864
12840
63053
67262
57365
60182
51746
7208
23400
4398
7207
11423
48854
41825
30500
47446
21989
15697
70055
2983
41813
57348
43222
78547
43218
61625
44620
53131
17094
54529
29070
40399
26259
72915
8598
47427
74319
53120
41798
17084
71437
41791
71431
12802
15667
72834
20558
31874
4362
68615
11387
40374
67214
2949
55903
50282
50281
43177
18455
26
2934
75688
78502
55891
7145
51678
41762
43170
65787
60106
38939
24730
18438
68583
34647
41750
74268
9949
20515
54470
71385
27599
29009
54464
17022
54461
26189
55860
71373
21903
53052
55855
31811
20498
2893
36026
74240
74238
12730
72766
50229
7101
45931
43128
65745
75643
34610
77044
11309
41710
58651
54431
78443
16985
12712
77032
9903
1386
67127
43102
38878
8484
9889
54412
15567
2853
71323
2850
64311
33169
72726
43086
60028
55803
33165
21846
54400
18358
69905
47294
15547
41668
30346
43076
27523
7048
47290
64291
75587
37444
74181
33152
14143
15541
67092
74175
14134
67086
31734
24629
30329
67083
71287
38827
68476
51557
24617
72685
38823
14119
47261
59985
20407
50144
47259
9835
50143
14114
2801
12644
38814
8426
68466
44439
78362
11226
18309
55749
48653
61436
59974
24594
54344
18306
71258
76946
59967
54340
30293
72660
51530
23184
40205
6994
35912
28867
14083
34500
68436
26059
6985
57140
54328
43012
40190
68429
43005
52915
48624
38772
57127
74109
18275
72635
20361
16871
26039
47212
75513
12596
16869
38766
48612
76911
55707
69818
19669
24552
2744
50085
69808
61384
4140
35873
72612
64197
9766
8360
35869
23138
1255
18248
57099
12571
4134
47184
64190
33052
8356
61374
4130
68393
66993
38738
26009
27411
23129
6935
12559
52869
28808
9745
1235
27397
66975
66972
1226
71176
51456
68372
52859
50041
28797
5508
19620
23104
54255
33016
71161
19615
74042
30199
1212
68355
34415
16802
74036
38699
19608
57050
54239
31595
24488
24487
31593
59859
72554
16788
25960
51421
30183
25954
54225
65532
72543
59849
28760
13975
59848
21666
50002
35796
27347
31574
47115
15371
68324
15366
78222
55612
68318
64112
45696
49987
37260
72525
6857
18160
37257
41476
2646
28735
8269
61288
47095
31554
68306
54195
48502
28734
52787
16751
13945
44279
20236
34359
66896
13941
37240
76786
21629
49963
13935
69689
49958
30129
15329
6829
21620
9643
41446
58390
20216
2613
64073
16724
1133
72487
38622
20212
5417
15321
64067
55562
23012
25886
61246
23004
28686
59775
66858
61241
45629
31498
12425
34312
76744
11013
56943
51323
44221
13884
18090
52723
69637
24375
31480
16683
61215
41397
21564
10991
48421
32879
41387
65418
68220
8182
52703
72422
21548
15255
42783
30053
8165
37083
30048
32860
18054
46992
56900
46990
58309
56898
48395
52681
63989
45573
21532
44172
38535
30033
38534
59705
55477
20121
35653
46971
42756
55472
19434
16627
42754
59690
10941
54064
32829
61155
24310
48365
38514
58280
5310
30009
66761
75253
5306
42736
70966
49833
69562
61143
1010
45536
15200
34217
66750
52638
70955
39906
62536
46934
21483
19399
32800
56834
28561
63930
59652
9499
45514
46923
27155
46921
65325
61109
62513
10892
35594
29964
52611
75205
41278
15156
32765
28535
44089
54000
41273
2438
72316
45485
36981
27125
34165
6648
70903
42673
21436
52584
39855
36974
21434
51177
62485
17946
69492
58199
28516
76583
41250
44063
45461
22821
48278
66680
38423
62459
60985
916
68062
55351
49729
913
31305
25674
68059
15104
29900
19312
38404
22798
76551
65253
32711
3791
70858
42626
36928
44031
28472
8007
77944
70848
25658
70846
72250
6584
41200
52517
70834
42601
76527
60944
10796
66627
76523
46815
879
72234
10789
56719
39775
44001
35488
28444
9383
22751
73694
29851
12181
17856
73690
29844
66604
73687
51083
2331
27024
77900
65196
22735
57715
62382
31240
75081
844
43970
19926
19245
28415
12161
70792
9352
7946
16432
58095
27006
21319
7942
15026
7940
25594
49647
7933
46761
6520
25585
42541
32627
823
49637
12140
41130
41129
24108
17815
6507
2290
58067
66557
72165
59471
19213
75041
34014
43933
79947
45329
9314
26972
63743
77849
55237
77847
14991
62332
72152
58051
34003
6486
79933
12112
41102
43921
3678
6484
21274
48129
13578
5076
46719
14976
58040
14974
60845
60842
3663
6471
48117
9283
58029
19174
43895
17768
39671
35382
76409
70713
28337
50991
25460
24054
77812
69313
65109
13558
45289
49578
9271
17758
52390
76399
7861
3642
28330
29745
9267
33965
25455
756
13548
31147
72111
19158
50980
56597
48089
53787
65094
22633
50975
55182
74978
3625
22628
3624
19822
12058
28309
42457
33946
29726
50963
48079
6429
16333
66484
6427
5024
10649
19814
50958
49549
19134
24020
9237
5014
77767
6412
49534
21206
33925
3602
55155
38210
56561
59379
65060
33921
5001
39612
13504
57967
45234
28280
4996
50932
6394
33909
12019
32502
31092
19104
67847
4987
10610
31087
25391
25390
10607
53730
21174
52322
21173
48028
29674
10602
66432
17681
38177
4971
39582
40989
77718
70622
79810
36692
3553
67816
67815
59324
63603
70613
72020
70609
67810
4948
39559
28229
45184
656
79795
49470
29638
26823
23940
6344
29635
47989
9157
76286
29632
72001
19045
56488
7746
53679
49457
639
9146
4924
50864
64980
33841
71991
36652
25327
49444
16220
74863
50856
627
19030
2102
19706
56469
36646
14820
71980
28189
10535
13411
39520
46551
70565
25312
613
26784
45140
21095
71966
2087
7713
25307
26778
63544
38099
32407
62136
16198
71956
25292
77642
52224
53634
77637
25288
49406
59252
63526
70530
10496
13372
11899
25278
47918
18980
16171
46508
14766
17572
49386
18975
47911
70522
28138
39471
71923
7671
59226
50791
69111
66308
563
6254
39462
3444
22442
70505
54993
4845
42274
53595
40862
14746
60615
60614
29534
38043
10463
77589
38036
53579
13332
26710
40847
69083
32337
30927
1939
43656
26700
73359
28100
14722
25225
30923
57783
28097
59183
33732
64865
7625
57779
46453
47860
77566
43645
11832
59173
29494
29492
29490
52138
52137
3392
36528
10422
35119
46439
30899
10417
10416
59160
25195
56346
20984
10411
79638
67641
25188
25186
26662
43614
7587
11805
79251
76124
47824
79245
25173
22362
70426
53512
29453
25163
49280
35081
57718
1874
71819
11782
49278
56306
32262
53499
63396
22345
54899
64803
64802
57710
4748
7557
40766
36473
66196
79212
20933
26616
7543
77488
1850
76080
23730
61974
32242
70389
25133
60500
70387
26604
68981
33641
18832
37929
67579
53472
27998
79567
70379
13216
68973
42143
23714
44951
18823
14618
76061
25115
11738
67566
1829
14612
22307
50644
27985
13207
4709
79181
7513
29396
52044
36435
76056
73239
29395
1820
68957
61946
54847
79547
22295
57660
36429
63342
60469
47742
59060
71759
11722
17404
79543
35016
36425
79167
54839
47740
50624
76035
53434
11713
71752
14588
20880
8904
30790
79156
15985
79530
11708
35005
67537
32192
30783
43511
1796
23675
60453
11702
52015
36404
57635
54820
39279
1790
11697
42098
42097
79142
73207
56222
67526
66121
17378
53414
10290
1785
70326
47713
40685
22261
25065
70324
70323
46306
14565
44897
53407
4661
8880
74605
7467
73194
59027
30760
64712
22255
8874
11681
7460
23650
20848
25055
50587
25054
77406
51990
23645
67503
50584
79117
79116
57608
33563
46289
352
68896
27919
75987
43472
33554
346
1750
17342
70291
79477
44865
70288
32139
29319
1742
50561
73160
39234
61866
20816
75970
46265
13057
77375
27897
51960
4615
27894
73151
39219
29303
73144
32117
74552
57567
57566
27883
33521
60382
47653
75948
18712
30705
26481
58967
3193
33512
61838
17306
40613
20787
77348
60367
301
56146
4593
8812
58961
53337
43424
64643
66041
60360
44823
23583
58956
296
50521
68843
37787
64635
68839
8804
49109
50517
22178
34905
8800
10199
79046
39181
7380
70233
53317
10195
50505
18679
79043
47616
56121
13003
58935
4572
11595
74510
27844
47610
71632
57525
11587
14464
24962
26440
24959
67416
49085
47606
20754
54705
23551
79406
26434
26433
44793
57514
17262
63201
79022
60327
79402
57511
33465
10173
33462
43383
64599
79393
61786
74490
37748
53288
63190
36271
79391
65995
60313
32051
49065
12971
10161
29229
32047
12969
63182
64585
18643
37736
33447
239
33444
79377
41955
23524
79376
47577
44764
79375
36255
49052
23522
22122
29214
11550
32033
61763
22121
46164
47573
77277
22117
77273
70181
75866
71582
27795
73051
23513
37718
39119
18620
27788
10133
20706
53255
5909
78977
23504
68761
43340
79351
70164
71568
5902
78971
8723
43336
71565
51843
37706
61737
68754
23495
1613
20689
53241
48956
8714
67350
40509
18602
37696
3083
75836
56037
43319
36214
24887
64536
41912
67343
47534
51829
78954
22080
37687
29175
47532
33398
43314
10106
51823
22076
56031
74423
26356
53221
30582
63121
64528
12910
61714
22069
3066
15774
8693
10097
29160
36197
1584
44704
14369
15765
40484
31972
17173
15762
65914
46098
43294
23456
14363
11483
7263
41883
7261
12890
29143
65907
60228
51794
53197
22049
78921
20643
63095
63094
27725
5846
3037
67301
30546
55993
75789
78602
14343
20634
65893
33354
41863
33350
36163
51776
71498
29122
63079
68688
31941
17139
78897
57387
24824
68680
54571
15722
18532
55972
70082
39029
65871
3009
48874
20606
74358
77164
5810
4406
50344
78569
64459
46047
54552
43235
50337
14307
70061
50335
23395
8617
41821
34715
33310
79
2986
5793
65844
37595
21986
34711
51734
67247
70049
17098
63033
23385
7191
34707
26263
46029
61621
2974
41804
67237
51720
67235
71440
40392
34697
11399
77126
2965
70031
44608
47420
57334
1487
14275
50307
68623
31879
44602
12799
18477
57324
63009
54510
2956
51703
58729
37565
77112
51702
29049
43191
11384
26234
67215
17067
78829
78518
67213
47405
4354
40372
51695
74298
43187
47402
27631
36083
8572
18462
15653
51692
58718
45992
72820
31
36078
31854
54496
54495
21939
55899
68600
34665
33257
55894
72877
8556
36066
14239
78803
43165
54480
14235
61570
5730
48785
14233
64376
9
78794
12757
64373
69983
50251
12750
50250
44553
74260
47363
71377
24710
67167
44545
74254
61548
31818
18418
23304
27586
51643
74247
55853
58669
53048
24702
50236
78771
50235
57260
30403
23294
31806
62943
68551
37498
18402
36018
41715
9915
61530
65743
47337
68547
48745
1403
36016
7094
26165
45925
77039
61528
78756
51628
12719
68541
18391
21876
43114
68536
38887
41703
75628
34599
1389
77030
37480
1388
60049
36000
77026
9896
38880
31777
8490
61508
61507
38875
21862
74207
54411
9885
64312
20459
8479
78730
51604
33173
78727
37463
18367
77010
12684
35982
40267
11276
54397
27531
26127
58617
51589
4247
9872
9870
50177
33158
62886
23237
33156
4235
34561
14144
52983
31744
76992
58606
64287
14140
60008
33145
62875
24632
45868
8446
72698
26105
74169
65677
74166
8442
40240
2814
4221
74163
35949
27498
55769
52961
48673
44451
67073
18324
55764
21807
72684
58582
69873
68469
58579
34532
45848
7015
64264
48664
57168
28896
1323
37413
43042
11234
62851
30309
51546
69866
7012
71267
40217
51540
59975
7004
41621
15499
23193
65645
47238
24588
4189
37395
54338
1303
11214
27465
16894
61425
30288
68441
52927
30285
54331
16891
18290
47229
40197
15483
27459
65632
64232
71240
48635
54324
1291
75524
35905
74119
57137
69837
1289
72643
75523
75522
33088
41596
67028
9792
34487
24566
74110
52912
4165
2759
35894
31672
45804
21759
11189
67022
50100
15464
28852
57123
54312
28849
4158
65613
14062
78318
68411
61394
47202
28841
18262
69814
34473
58518
59927
71213
28838
4150
8368
68406
76904
33060
41571
38753
4142
24543
9765
12574
41564
45781
54287
55687
40155
40154
27418
64192
28823
15440
12567
37340
9759
69798
76888
9757
48589
5533
54280
55679
55677
45769
62773
37334
31637
26005
69787
33040
27405
38731
2720
51463
62768
20316
76877
50057
64177
11147
78282
19634
4117
23115
5520
58485
9737
27391
45753
71175
20305
64166
19624
58478
23107
45748
2701
6912
72578
23103
35832
34425
28793
11133
40120
12536
68360
14008
76856
21699
71162
72571
30203
41526
9720
74041
1213
6901
14004
55647
20292
59872
62741
74040
6898
68350
15395
78245
69746
78244
55634
66942
74025
41507
52826
52825
61317
21673
23072
47125
21672
8291
27352
21670
54219
37272
55618
30169
50000
44304
12499
31572
2657
5466
23059
8282
68321
71125
31570
78221
49991
24458
72531
48516
55607
30160
68317
59832
42889
13960
54204
62702
27333
51389
48506
52795
15350
47091
59818
76796
78201
1155
66895
65490
35765
68295
21630
48487
73975
69695
58402
44270
44268
61269
9651
51363
37161
68281
21617
6826
52766
16728
68278
71082
1128
11040
75359
47061
38616
71073
13915
71070
2600
73948
69665
40020
31510
16711
15308
35729
54149
45636
73941
11024
35726
12431
75345
5398
27276
38603
66852
73936
37199
9615
20186
78150
22986
6795
75337
27268
41410
30086
64039
13891
52734
1100
64037
45622
38590
18094
9606
16691
42813
31485
48436
48435
68240
61218
69641
32892
24377
68236
37113
3973
78134
19487
15275
59743
68230
73911
61210
30068
35695
52711
64019
69626
59738
78122
28648
34282
35690
22959
30062
69619
5358
68216
25836
68215
56912
25831
24354
27233
18062
2546
12387
25829
15256
1065
69612
62597
44189
32865
27229
8168
64005
68207
41370
76698
46996
12379
46993
35674
22940
44183
8159
41368
28626
54091
28625
19455
55490
37074
54087
6744
42769
38539
16640
1048
20126
52678
31435
2524
22929
22927
34249
78085
27206
48381
20120
61167
2519
35654
38527
28608
24322
56879
32835
8136
32833
30017
5320
32830
38518
41334
15213
65366
32828
69571
69570
63961
28593
49836
20101
28589
6711
39921
5304
8122
63957
19411
78057
48349
44135
42727
49822
19409
19408
68152
78050
2483
61132
25766
13793
6696
27168
16595
46935
78046
25763
44124
38485
48339
51221
41303
68137
995
73821
75223
58246
8097
59650
28559
9493
76623
51208
45506
68127
59640
69525
31371
6670
52608
38468
41285
58231
55411
59634
46908
63911
48316
70921
56814
62505
31363
48313
2446
19367
39867
36987
52598
72323
6656
76604
66707
70912
19361
41270
32761
19359
36983
10872
70907
76600
21443
65302
61086
69506
22843
62489
68102
69504
19356
72309
45478
41262
5242
20033
20031
48293
39849
3830
48289
69493
28518
25705
10855
69488
52573
20021
10851
73769
75168
936
36958
12256
63874
68080
2408
8038
66675
53965
19330
63867
58180
924
58179
3810
34132
21406
21402
15112
12238
27087
15109
27084
22802
21399
2391
6605
912
46843
19310
58165
42627
49724
55343
60966
38395
28477
49721
44030
24188
24186
19302
19299
28471
72256
35510
21380
70847
39796
55333
66640
69442
72251
53931
52524
16485
68040
58146
24175
27056
62420
38380
34097
32687
39785
31278
15078
48229
34093
52515
63823
75116
51110
39782
66626
27050
3763
66621
38366
66617
56717
75107
29859
45397
41180
870
32671
21354
60932
865
25630
6559
41175
49683
62399
60926
77912
45389
25622
46795
46791
45382
29843
51082
38347
31247
6546
25616
5141
13645
48191
79986
16444
15040
27015
19928
5134
76485
72201
48183
72199
29830
36862
13632
66585
838
76481
27009
72196
65180
15027
59493
21315
12150
3715
9341
7936
63769
66575
19230
63766
60887
5113
70773
29811
35436
73655
9332
19904
12141
48162
73651
67966
819
36840
75053
41128
65162
55258
12137
41125
39718
21300
24103
10728
77861
22700
7919
36834
79954
19215
25573
43937
21294
31201
53847
58064
2284
36830
3692
16400
9315
17803
38296
70752
12123
56646
48140
29788
28372
70750
77845
42517
46732
43927
39699
63736
21282
77840
67937
52421
45316
48131
62323
59449
69338
24076
43914
45312
19191
10701
19868
19867
19188
35400
38278
22669
65129
12102
79920
17776
56624
17774
76416
19178
79912
33982
17771
79911
3658
38262
65114
7876
52398
56616
49584
5056
29753
19166
42481
10674
58019
41070
55197
53798
7862
9268
55194
48095
59416
65098
28322
17746
19152
67895
3630
16339
31138
38237
59409
19830
19828
10660
53784
79881
9249
65086
7846
74977
50965
67886
43861
24028
35353
12055
73566
16330
39635
72087
41038
12051
42448
42447
16324
21213
5013
67872
69272
72083
10637
5010
56567
73551
57978
66465
67868
50945
31110
57973
9227
43839
45240
74950
56559
77758
46646
713
63648
14903
63647
65056
38201
56553
74941
706
42422
59364
14895
2180
66449
32505
74936
35318
19781
33906
4988
28270
49513
13488
6390
23987
17690
14885
65036
74927
79829
3574
10604
45213
35303
9194
66431
62218
4973
62217
60744
59342
50911
69229
40993
76320
28252
38173
70630
69227
19078
55113
10589
26843
9182
65021
26841
13461
2147
57926
32473
14862
17666
32471
25365
65013
43789
35281
29652
26835
46595
40972
29646
66407
56506
22543
76297
31049
11974
72011
63593
69201
72009
21136
28221
74887
66396
57907
69196
79787
76284
73476
28215
50871
33854
23934
42361
3529
25338
19725
29628
69186
55078
42359
38134
21123
40949
53677
45161
77681
23920
77679
73459
4919
57885
14822
32424
71976
31013
66362
59279
74852
50843
73443
76253
47954
4902
38105
62144
26781
21094
49424
40916
43733
9117
56453
13400
2083
52238
30999
69148
38097
28170
52233
6292
45126
77646
10513
7704
59258
43721
52229
21081
17592
70542
43717
22479
23881
79730
50816
23878
69136
71944
11907
36609
73414
60653
14779
77631
23872
29568
46516
30976
39484
46514
47920
35195
56426
36599
52210
23865
64922
49391
64920
29557
16169
21057
53609
32372
25261
63503
26733
79328
11880
18961
25257
56406
38052
67702
35166
76191
43678
13342
7654
36573
74786
6241
54987
67695
11863
46477
43671
4834
45071
43668
53581
21024
29524
33747
14731
7640
42257
71890
64878
45059
77578
71885
22417
67678
10440
69074
11840
13313
46456
26688
50745
73346
11837
21003
69063
25212
38009
17512
40821
43638
13303
4802
3396
10425
11825
7609
77553
39407
76147
40815
1916
56352
10421
57758
60566
71859
1979
49318
52132
54938
39400
56347
35115
13290
3380
33704
46429
66240
49313
42213
20979
59152
57748
71845
22375
6180
69036
489
10404
42205
71842
20971
73312
13278
1895
28054
63423
79247
64830
42203
54918
66227
1957
28050
74716
6171
22365
32284
66224
37972
23766
1885
56322
45001
69019
43599
39370
33678
11789
64814
29451
14662
17465
23756
3350
33671
56308
37959
60527
11779
63400
76099
36480
79596
40769
74694
36479
13182
43581
60520
43579
76091
8964
32257
40762
13239
30846
46382
14643
54888
16042
61982
18845
54884
20930
35059
18842
76083
25137
53481
8952
3324
61976
79578
54876
77480
11754
47775
13224
25127
39331
63371
77478
25124
3315
43553
36444
4710
52055
52051
56264
30815
43541
40731
66162
3305
418
29397
56261
4706
1822
76052
10327
70360
76049
6099
50634
59064
18806
59059
52036
37898
68949
57655
43523
1810
11715
56242
397
77439
77437
8903
17393
68936
60456
20874
53431
10303
30784
14582
77434
74625
47726
20873
49201
32189
44912
11701
20868
57634
59040
59039
40687
36398
7475
63313
50605
74611
22264
26546
52005
67521
29355
79512
77417
59030
6062
64710
34979
33571
67511
13089
57616
29343
7457
8868
42074
22245
54793
11672
25049
68901
71709
13078
60419
26525
64699
6044
71706
15946
18747
37844
57600
67495
42064
40656
54783
25038
47680
1749
37835
77384
8849
18735
27902
77378
75972
60397
66076
75968
56169
8835
43447
47663
79461
25017
70274
22212
43446
67469
11639
25013
68865
51953
79459
67464
46249
23603
71670
67461
79454
50539
10227
76373
4599
27879
34921
68853
74539
57555
4594
42017
50528
63237
68846
33502
58954
294
66037
14487
4584
77336
3176
1700
49106
30684
36308
43411
5976
66029
56126
53322
67430
36302
27850
51914
46212
22168
15872
67426
70231
66023
32080
18675
79414
50499
77319
20757
20753
64608
60333
32067
12989
54701
10178
60330
5955
66008
32061
50483
20745
26429
27826
57509
12983
77301
61787
77300
68804
18654
12977
33460
32053
24945
33457
73078
70202
248
8758
23532
3128
60310
5936
65987
22131
5929
47579
10155
60303
71590
37729
70185
1643
65979
7331
37727
34847
18634
41950
67376
47570
71584
10143
75867
24916
37716
46154
74455
44746
29197
54655
68762
27784
49032
47555
60282
12934
205
48960
24900
10123
77249
51840
32008
1609
10119
5893
40510
63137
12928
23486
47538
67346
71554
29180
49012
40505
58854
27765
73019
184
73016
56033
54629
70139
54626
47524
33391
8696
74417
23466
18580
22066
77220
51811
37674
33380
68721
77216
60238
67321
11488
29154
12896
1576
63106
75808
7264
26334
50392
34778
30559
57417
56005
8671
44689
75801
18562
46089
54598
1560
7252
8664
61686
20637
24841
10067
23437
14341
64490
57402
20631
18548
22032
33352
27708
70093
30534
54579
67289
15731
22025
67284
18537
8647
7235
75774
11451
24825
40441
53168
68679
111
68678
77175
75768
43255
3013
1534
100
7220
26292
1529
10038
68669
29097
53151
4403
46046
37608
78871
33315
63045
10025
34720
26278
75745
78560
61637
53143
40412
1514
7200
12830
4392
75741
2989
48851
78862
39000
60166
2984
7198
58757
11413
50325
78550
15691
10010
72918
38992
46023
57341
38988
15683
75730
27658
4376
21974
50315
48837
70037
33291
26257
41801
43209
20570
78842
4373
33286
5772
58738
44607
46010
36097
78531
34689
30470
55919
47414
20559
23360
29057
47411
47410
9986
40379
21956
40377
40376
21953
54507
70016
38964
31864
23351
18464
29043
37558
72887
47399
54500
36081
72819
7151
44581
18457
18456
41768
23339
78503
15639
27615
47384
33249
8555
7139
23331
26214
20527
2925
72868
37534
55879
38934
64377
61567
53069
11350
15625
31831
37525
30425
48778
72859
58684
60093
20512
21910
44554
61558
57279
71378
57276
31821
29004
15613
37513
31817
36035
38913
38912
15607
51642
41728
24703
26178
69963
1416
64352
69960
60076
11326
48756
77054
78460
30402
36027
8516
45937
12729
71359
50230
18405
34613
43126
61532
75636
16993
28974
5684
9909
23282
55835
16991
50218
4282
31787
11306
21872
34597
36003
7081
61514
54421
71338
71337
15578
78435
38882
65726
40285
51612
28956
48722
21861
61503
30368
58633
38872
8482
69922
2852
74203
28950
14165
11285
64310
30361
34578
69916
34576
68511
38863
5654
54401
11279
34572
52996
69909
58620
27530
23246
8466
60025
14154
37452
74185
31750
33159
57204
78711
48697
12675
2831
7046
35965
74180
34558
2830
48692
40251
26111
67091
40247
37436
69892
4231
41656
7034
50163
68488
44466
68487
60002
7031
40242
55772
24621
15524
15522
1332
4215
28904
39610
47262
31719
44447
52955
67067
18317
7010
5604
64259
18312
21798
34524
1315
1314
14104
30304
20393
48652
11223
68454
54343
2787
24592
67049
57153
72661
75539
1305
31696
50122
21782
1300
44421
11209
5586
71245
59957
34499
69841
69840
59953
51518
5579
52922
57136
44409
58541
74116
33085
62814
48625
30273
34489
27448
68424
23163
76919
33083
4164
30267
19678
48613
11184
71223
27436
67015
75506
30258
45796
37359
65603
21746
35875
59924
9771
30249
24544
42975
27423
19656
5541
14042
41560
75482
20330
38740
23130
66991
47182
69794
40149
28819
75480
68387
34448
78289
11155
50060
19639
23122
62769
61364
16830
35852
12555
8339
61360
71184
62765
74060
66976
4114
18226
8334
21713
52860
5515
44350
16823
59888
2705
48564
52858
37314
33022
72581
52853
59883
20298
11132
54253
62749
40118
47148
52843
14003
78256
2688
41519
16803
74038
74037
78251
64143
8309
55640
48543
20283
9709
20281
61326
48541
64140
34408
47133
23078
69744
75429
28767
21677
5479
44313
52820
20267
24473
16782
16781
40087
16780
37277
2662
42902
1183
23065
65520
34385
54210
52808
78217
30162
71122
59833
34379
16763
75406
32970
23054
71118
6861
62703
38658
27335
19567
47100
19565
40066
24447
55596
65503
16755
32961
35773
16752
15348
5445
12475
27320
49974
71107
30141
23038
38644
37243
27317
38640
48492
34354
54183
47080
45671
8250
42862
20225
59805
75377
25905
71089
78185
37229
16730
41447
38630
19537
32934
44259
68279
54170
20217
64074
44257
58387
51359
48473
13925
42851
18125
48471
24414
9637
49944
66871
12444
35739
25889
71076
34332
20207
13914
42839
5408
13909
51346
27284
68261
25879
16710
54153
44240
48458
28685
20195
59772
16706
25874
66854
45634
72464
18103
31499
27274
41416
38597
56947
37195
56946
32904
68246
1099
69645
64036
13887
31486
21580
61223
55530
3979
58349
1094
61219
27256
47023
6777
44211
8191
78129
41394
5372
55521
20161
64020
34284
39982
15266
8181
76714
31465
24360
61200
51300
71019
12389
66812
55505
22951
34272
6756
27231
13858
35681
64006
65404
55499
6750
55493
25819
55491
37079
2534
78098
12372
12371
16642
31440
73878
37070
37069
73874
69592
78087
42762
18036
62570
3920
9545
9544
13828
20116
32836
69583
61160
46965
6725
68176
38520
63971
41339
12350
24314
55465
28600
70979
9533
42745
54062
75258
28597
72379
58279
13813
78067
45547
54055
6710
35634
70965
39917
3898
48354
54048
31405
56856
9521
8115
62543
5296
48346
78051
1003
48345
41310
15192
46937
10914
56843
5288
16590
17990
34203
48337
63932
72349
56833
21473
22876
31381
28560
75221
48330
15179
56831
44110
73813
25749
68130
61113
3867
61112
56827
65326
55420
32784
29967
45505
34185
44105
19380
31370
68122
17972
22861
73804
20052
55410
9484
41283
31362
24255
28540
56811
70916
12287
70914
73795
8071
76606
65308
5251
63902
20041
45484
58213
13745
15147
27122
28527
31343
12273
9461
69500
77999
56794
27118
59610
2427
62482
52579
27113
15138
13735
70893
51170
36962
21423
59601
39838
9448
8043
76578
25699
49751
16529
34143
49749
44056
52559
63870
77975
69476
25691
27095
63866
22812
9436
9435
45452
32724
39824
15113
32722
59581
59579
25682
66663
58173
25680
2393
76558
32717
65259
46847
42633
9423
17907
29895
44033
17903
32708
65248
902
53939
16498
76542
55338
2378
15094
35513
68047
72254
53935
34104
56739
77942
8001
35507
3778
72247
59553
42608
49707
75123
60949
21371
69432
35498
24168
49699
68028
21362
10791
5170
77925
36896
62409
77919
27041
3754
3753
72225
24154
7974
9378
32667
66610
73696
75100
51091
36884
51089
41173
72217
15053
77907
75092
43983
21342
76497
79992
21338
43980
19936
2329
72208
32655
70803
77898
12172
43978
66596
43977
46784
24139
16442
52481
51073
60907
3729
73674
2318
77886
31232
19921
34046
35453
56681
24123
21318
21317
51061
79969
3716
60893
32634
26997
56669
34034
77872
59483
5112
28394
67969
66566
72175
59481
19221
70767
25581
62349
22701
26983
9325
13608
49629
55250
77858
13603
79949
55246
55244
21289
58060
34012
36826
49617
16394
79939
72158
2275
75034
52428
69347
41105
38289
19199
21281
39696
65141
66540
62326
10706
65137
32594
72149
38284
46724
21275
32591
17787
48130
19193
77832
39688
72140
42504
67932
36804
21268
60844
9290
29771
12099
6472
31171
21262
7882
52408
60836
72131
31166
33979
5060
48110
29758
66516
33978
32569
65112
65111
6458
52396
38258
75000
63704
24053
22647
50989
39664
21246
31154
3645
759
38251
24048
10673
41065
62291
41061
53791
32557
50982
2229
17749
41059
10665
43877
36769
3633
77794
62280
19150
29736
65093
22632
22631
33953
69292
74979
46677
65089
36761
21228
25505
10653
16332
53775
19137
49553
45261
46668
26901
9241
38224
74966
19133
72084
49546
2202
72081
24014
77765
66466
28292
22604
62252
24009
74955
74954
19117
50944
63655
41024
29698
16307
76349
50934
32511
63645
12024
10622
2182
42423
70653
17702
43827
17699
19782
14890
55138
70644
31088
53735
32497
67840
32495
72050
4982
7796
65038
57948
22575
3575
22574
55126
19767
2162
59343
63622
43807
49496
33887
19083
59339
66425
43803
72035
39579
40988
36700
29662
6368
59336
28246
45200
7778
19075
70621
22558
26840
4958
55108
62201
55106
69212
10579
59322
46593
79801
19743
31057
6352
76299
67807
4949
72013
10572
14849
53694
45183
11973
65000
69203
653
11971
2126
50874
35263
56495
62179
16237
6338
3530
57903
10557
39542
60705
64986
641
74877
46574
2115
6331
3524
10551
13427
47974
19713
42348
38124
19710
71984
29609
67770
23911
63561
3506
4911
621
22507
79757
31012
64962
33822
17613
46544
50838
49426
49423
26780
79745
66350
602
40914
6295
16199
10516
47939
79738
16193
57856
77644
18997
36619
70544
32398
55032
63530
28160
4879
46524
73418
71945
64937
6280
6279
18988
586
77632
60652
21069
9094
40894
70531
45108
33789
76219
9086
46509
25275
4865
10492
74809
18978
26746
38066
45100
66317
6262
39472
47907
43691
42285
35183
7668
43689
64912
79708
40872
36584
560
74797
32363
32362
67706
70508
23845
30951
74791
36579
54992
10468
25250
16150
23841
49364
33758
79317
6243
23838
39449
50776
76186
14742
10462
11864
32347
11862
38035
63480
39443
35158
35157
74774
59196
17532
49351
66280
36555
29515
532
69081
79673
1941
79297
21014
42248
16122
42246
56374
7631
71880
66269
14716
70471
4812
18922
77567
52151
79662
56368
1995
40827
67663
46450
54954
28083
56362
52143
57770
79653
33719
50740
20996
7614
59169
52136
49324
54944
39403
40812
46438
59164
64849
9015
70453
13294
17501
50728
22385
62033
46432
3383
11815
69043
56342
496
1967
6181
4782
73318
23779
16084
60557
73314
3374
66231
10402
76127
40794
76123
53519
29464
14677
32285
23771
1889
8990
23768
39377
71833
25170
60539
46407
40782
60538
66217
54911
25165
10387
71827
30866
62003
44996
54908
16063
29450
66214
39367
7566
66210
43590
36486
4753
35082
67610
465
20949
52093
464
13185
73288
67608
39357
56303
16051
28024
63391
47794
23742
46386
49268
16049
71808
59110
22337
8958
25143
71803
10361
7545
60509
39345
52079
36466
37940
445
67589
61978
39340
28013
47783
53480
74677
53479
52069
22325
13228
76074
14628
49247
52065
6125
22320
23721
74667
26600
18829
64777
17429
61959
10341
36449
43549
46355
36443
16015
32223
67567
60485
25113
35025
10323
76048
57661
3293
22293
29388
13132
11724
27974
79542
10316
22288
61935
17396
33604
32197
73220
33600
35008
79531
57645
17391
6083
43512
79525
52016
66128
49199
14577
22269
76021
49194
40689
79140
6068
11692
8885
372
30764
371
369
43490
36387
25059
18764
7463
71720
74599
6054
20847
50585
49176
25053
79498
61895
3247
79120
49170
13079
46288
42071
47692
4638
25042
73176
20833
29330
46283
77392
6040
10260
15938
44869
67488
34952
7436
23627
63273
3222
46267
332
51966
13058
64676
36348
67471
66067
51959
3207
50548
75955
44840
63251
10226
51943
27880
25004
64651
29287
39204
61831
49113
70252
66043
64638
3178
7390
61820
37780
23568
63220
46215
47621
14471
49094
74511
8786
15868
26444
44800
4564
14465
41988
49088
12995
71625
268
39164
8777
68813
70216
71619
53299
51894
8771
74496
30654
7356
256
12982
29237
10170
44782
17251
37745
79011
22137
61782
60314
37744
64592
26418
74483
51880
12970
44774
79384
27810
14439
71598
1649
39137
32034
37728
36254
20719
63172
24918
5918
10137
8733
71579
12945
29201
14414
54658
24906
51852
39112
12939
63152
60280
56055
11529
74446
77255
27776
64550
57460
71562
1614
74439
70156
78963
36222
22088
191
18598
64537
57447
33400
67340
47533
44719
26359
17189
18588
24880
65934
11503
17186
15778
47526
29166
74420
71536
10094
58837
70129
24867
20661
53212
12899
51808
27742
11489
58828
18568
74400
50393
48982
75805
77207
60229
51793
78923
4450
11473
64504
48974
60224
17159
39056
70108
71511
3042
12879
4443
23438
1557
75788
3031
10062
61678
78904
47483
36161
44666
114
7233
77180
23421
1541
1540
34742
22018
53161
29108
23409
3002
48866
30512
67263
20597
75753
17112
26284
46042
44636
2993
68655
53141
77151
24794
70054
33308
33307
65846
60167
2985
12824
43225
29078
11412
10008
46028
54531
37591
60158
21976
75728
24781
53123
63022
17088
8593
34696
57
61613
64424
72906
7176
1481
18476
38970
78523
64413
14264
12793
4359
40
15661
75706
18469
31862
55907
34675
14258
36082
60127
33265
68606
71411
21943
70009
18459
26226
43183
55897
65796
65795
24741
71404
70002
57298
5740
58703
26213
41759
5731
29021
8549
7135
48786
72866
51667
27605
26207
21920
9950
72794
17029
15624
43155
60096
24720
75666
34637
23312
54462
5715
24713
24709
60083
2902
51650
27588
36033
71368
8523
40319
64351
18409
47344
34618
20493
4295
11321
51634
78761
55843
51632
67149
5692
53036
30392
12722
48744
15591
64340
51627
64335
45921
72754
5682
68537
64333
33193
41704
58643
16980
37475
78433
27552
34591
18382
62914
69928
74208
14171
40281
58631
24662
24661
35988
33172
74198
69914
78414
20446
75600
12683
1362
40265
21840
69901
30343
16951
11266
40255
51582
31742
68494
9855
69887
21823
1336
41642
69877
31720
37420
33127
7014
45847
54356
59982
78366
48660
69861
33115
64256
31705
15497
26072
18305
31701
28880
54341
4190
26066
23185
69851
59964
11213
61427
61426
40199
74124
20377
68437
24579
6986
28863
76931
5577
34495
37380
52919
65624
9795
1287
20365
27446
76921
67024
75514
38767
50095
31666
55706
33070
38760
74098
27432
12582
26026
4144
26017
47188
58508
24535
4132
57095
69797
14038
68390
11160
58501
54276
59902
2721
72595
71186
37330
34442
75468
71181
58486
75465
62761
21712
25989
21710
61352
58480
9735
62757
68368
37310
55655
16811
75453
25983
5504
59878
45735
27376
21691
13998
33005
31599
30189
33000
19602
50020
41509
6890
57040
72551
65533
61318
8297
54227
62724
59850
40088
35799
37274
64123
30168
24467
21663
37269
51404
37267
45700
27339
27336
66914
18162
54203
31559
41479
41478
61292
69715
48507
55601
47098
55599
30149
28730
69705
15346
64096
15345
59814
24437
45678
4035
35766
27316
11060
5434
66888
51374
23031
54182
54180
55577
6835
68287
23024
28712
15331
6831
30127
32939
59802
51365
5423
78179
78178
31521
52759
8233
44249
25885
45647
54156
78169
48461
31508
47050
52747
76749
1110
31502
12429
24394
42827
44232
3986
5389
24389
75336
61231
11014
19501
13892
3980
71046
75330
15285
39996
52721
34295
72446
47024
9597
75319
48426
31474
9589
52713
54117
76718
42799
24362
59737
66818
66817
18069
72428
55510
45591
10979
52698
61195
72419
52697
22949
5351
10971
16655
19461
52690
56904
54093
3935
78095
38536
5335
28615
32848
22930
16636
68187
1042
58295
35655
22924
59700
72392
35651
78079
5322
16626
52663
76670
5317
73857
72384
39929
45550
59684
10933
54058
16613
44144
34218
12330
34216
65349
16598
62538
3887
35619
41311
27169
22887
54036
52632
5286
45521
45519
55429
22874
21470
52618
56824
32779
49794
76615
5262
8082
52606
973
68118
3853
27136
48311
42686
9479
63907
8073
55403
24246
62494
61087
8066
35574
58211
8063
53990
6646
58208
5238
19351
52580
44070
17943
68091
15137
70894
73774
9453
35556
42659
10853
27103
77982
3818
52564
55366
66672
66671
77972
24211
24210
60989
15116
16516
68068
35532
55355
41229
58170
19998
25677
28483
58168
66659
44039
27079
76552
51135
35520
38396
45430
72260
5190
69447
70850
35511
59558
38385
55331
41204
51120
70839
69435
148
38383
19972
12207
15081
2361
885
38377
3769
35496
13675
34091
62415
7988
21363
17877
28446
34086
12195
21358
56716
45398
58127
69414
16461
49680
63803
27028
73686
3738
28424
7959
31242
59513
63788
19249
36872
79983
46775
42560
17840
34048
9350
25600
43960
48174
19911
72184
12146
63765
28398
10737
2299
31214
10734
31213
43948
17819
77866
49634
29807
65160
43943
9330
55255
32617
56659
13607
48154
32613
48153
16405
29798
25572
75045
24096
7913
12127
63748
59467
26973
73638
13598
24091
49619
69353
3690
69350
7907
13591
6490
12113
19194
53829
75025
72145
2266
75023
73611
49598
75015
67925
775
35390
48114
43900
12094
46708
46707
49591
49589
50999
41081
19851
12084
48106
5054
60823
73591
48101
69309
3646
2236
7864
70708
26924
42472
25449
21237
74986
38241
3631
77793
50977
41052
36763
24033
14935
16334
72100
43866
42458
29727
60801
59398
55173
22621
43858
41042
25497
33940
65077
63670
42450
69277
26898
56576
69273
49539
46651
45244
41028
25413
9225
19795
42433
19792
74947
48050
16302
9214
49521
53744
55141
48043
56545
70649
55137
26862
14887
16289
43817
10608
12010
62226
48031
33896
60747
57939
31077
74919
50910
48019
25376
66424
66422
33883
19753
77717
22553
29651
39566
60725
63599
14852
14851
50883
33861
59314
52286
19054
73478
62182
19729
60712
49464
60711
32447
17643
40954
2116
16234
40947
23924
32437
57891
59294
53671
64979
66375
79768
56472
9137
35243
14821
79764
55064
43753
73457
55062
76265
64968
47959
11936
36639
26788
77663
26785
9124
57871
35230
13406
70561
14807
2088
31005
14801
10523
23893
55039
76241
60666
39499
67744
596
42309
73423
11912
62126
7697
21077
13383
33796
38084
32390
29570
66326
53618
17576
14769
60641
49389
45099
57829
47910
18973
14764
76210
22457
77616
21053
47908
2042
21050
62095
49378
49377
79327
77606
23847
32359
9064
30945
79314
9060
79309
70496
73373
77586
18943
57798
79306
6231
56384
63479
32341
25234
23824
18936
50760
7638
38027
53571
71886
18931
11849
18930
71882
66267
49340
35137
524
70470
32326
14707
57771
66257
76152
79651
46442
17505
28077
79271
50734
79269
53543
56350
1911
53540
17498
71851
17492
66237
67638
36509
79257
73316
1896
33693
22371
77531
18883
25176
16078
56323
67625
73302
28042
54910
1880
42187
50694
77513
74700
11783
22351
66208
37958
53498
26629
56302
70408
32261
26627
33664
53494
39352
76088
59107
52081
450
49262
11765
36463
59100
7540
40750
32243
67585
63379
68986
52070
71788
47774
70375
64770
79560
8931
42130
44936
66154
14601
15984
67539
79154
6072
3265
30773
34992
20851
54802
13087
60427
68902
1762
79106
73170
1743
64675
71674
34930
4598
20791
1706
49110
40606
26468
68841
36312
44820
27858
66033
63224
77326
5973
44807
26439
67404
27824
79395
17245
34857
60294
77270
30612
71560
195
67334
56025
8691
4470
40476
8668
71508
24842
46074
22027
34750
36157
61664
27701
47472
5814
55958
44643
48855
7202
4394
34714
38990
2968
15674
29061
55922
30473
43204
2963
31877
53111
53108
72828
9979
65807
33264
47394
8566
1459
54486
45975
33248
78492
1
31825
23311
9938
53059
1429
50243
28992
30404
44538
55849
67147
34605
44518
65729
16981
31775
9892
44498
69919
1365
75602
24646
50174
57197
75585
21825
58590
23220
65674
57180
5609
20400
28889
71264
67055
78662
76945
4192
50121
16893
20379
72655
55729
69838
48629
67031
58544
59942
14068
54307
33069
24554
14055
30242
62781
33047
24530
8344
25993
62762
38722
24515
38720
33026
24512
62756
72580
23100
72574
45737
8318
15397
16799
12517
50016
5483
59858
42909
76819
47105
37249
28723
30135
48482
78182
78181
78176
19531
24412
9634
61251
61249
71071
49936
52749
66861
66857
32910
52742
37132
25865
51327
8202
58350
39995
61217
34290
18074
31466
32870
65405
66809
10973
62591
54095
24341
3941
15245
21535
70996
21523
56884
46970
19423
63962
20103
52644
61141
2489
51227
63940
49813
52625
12310
992
76630
17982
16577
38470
68111
63899
13749
39859
35563
9459
66696
62484
41248
15128
17927
9438
61055
58175
24205
5195
52531
44023
9401
9400
13679
27053
44006
76518
44002
22759
3756
31260
76510
59530
6560
19944
69408
5147
46793
73685
62379
2317
51066
10748
42551
46767
22715
15013
60882
46748
35421
70757
79942
16389
38288
7900
25559
6481
69340
14980
51014
45308
13571
2254
35388
49582
74983
41054
25504
53772
35349
41039
14925
28302
6423
66467
31113
38212
48056
13505
62249
31103
67854
56547
60764
56543
4986
69242
52315
39584
21166
19758
32477
39576
52305
10583
49479
52293
45186
47993
74890
55086
634
67780
55061
19025
35237
47947
71961
7702
10508
21080
32394
26758
46518
57837
28150
43698
69114
35185
79331
30957
13351
16156
29541
71907
30947
56398
4839
50777
23827
33740
10451
2008
25224
43653
73351
23812
18921
52149
16112
22398
23801
18907
25200
28070
1978
59156
32298
63434
63429
17484
54919
56319
46404
52103
74698
35072
70407
3341
17446
1846
68984
1844
7534
76070
38128
38320
51827
67761
69228
43844
50443
