746324 365
547 853
148
411
396
986
555
743
73
135
16
576
424 0
175 191
777
226 295
363 238
792
292
906
748
969
718
203
197
314
342
331 371
739
432 399
499
723
627
849
552 86
417 243
441
232
840 108
466 307
336 253
189
593
947 661
305
483
838 510
33
38
546
149
645
229
496 290
868 53
299
154
120
493
997
793 988
881 398
786
400
998
171 46
872 721
344 153
898 798
563 495
45
14
421
10 940
725
452 726
352
449 372
435
268
88 428
696 952
127
345 482
370
159
954
704
312
419 52
972
422 438
2 12
801 534
110
761
804
293
479
489
333
287
558 846
211
925
296
970
938
71 999
507
818 572
190 383
325
194
425
353 97
613
297 407
291 118
588
890
560
771
933
857 583
254
516
464 522
57 675
384 385
462
469 478
430
722
360
369
96 415
785
946 901
794 388
72 199
554
112
195 390
240
694
787
756
565
854
720 990
921
821
760 816
389
379
519
172 981
502
533
961 805
431
712
737 494
608 553
591
513 699
923
556
585 242
146 341
275
658
208
410 271
283
669
264 941
485
836
225
922
729
606
13
905
251
808 866
618 126
140
664 984
586 735
932 695
165 455
213
826
864
106
477
727
201
724
887
559
960 54
48
179
526
156 143
597
795 622
580 231
281
470 335
402 375
81
364
61 943
845
623
397
381
83
306 703
32 904
150 911
202
562 717
44 788
728
755
249 783
931
497
235
230
848
602
609 289
461 637
899
937 934
93 991
98
323
313
956 405
824 476
958 535
851
58 716
129 418
128 828
40 91
288 454
839
169 974
330 95
280 686
672
257 155
612 758
697 683
825 774
111
803
531
832 252
628 789
261
25
855
255
247
917
36 263
976
642
28
192
1
873 674
147 918
682
23
596
601 589
241
386 949
200 858
830
594
49 327
116 684
274
272
706
638
896
204 68
633 459
301
488
914
567
448
107
340
778
3
17
136
315
387
354
570
742
361
279
770 782
935
975
892 709
277
916 188
185 259
600 847
376 856
624 152
528 670
332
951
9
82 182
273 835
239
60
125
753 99
550
24
157 967
209
11
50
4
62
779
144 995
465 636
339 511
429
508
544 214
807
617 198
574
55 615
641
992
356
334
506
87
619 310
266 973
436
993 542
41
605
964
392 685
517 751
304 394
884 620
124 151
701 982
355 413
815
224 769
880
740 117
132
484 223
468
707
930 582
681 882
509
557
573 221
160 373
977 503
393
300
827
829
276
42
245
936
714 668
747
678
693
889
621
924
286
577 894
656
500
647
539
368 426
450
523 543
196
74
100
920 919
639
166
467
775
651 237
909 47
217
8 666
437 927
66 518
22
181
820
677
228
942
541
216
234 59
891 183
21
308
730
860
652
5
939
797 871
736
568 715
926
581 69
754
298
19
446
406
210
688
319
258
491
351
357
317
104 337
731 773
80 119
227 711
877
532
395 861
284
812
316
644
433
89
458 996
738
635 910
673 26
34
536
309
174
689 207
212
529 759
679
819
423
92
634 173
346
193
377
374
655
776
671
566 215
434 492
950
908
391
796 957
867
328
320
680
763 837
321 163
65 262
987
409 162
443 631
236 15
584
883 102
56
412
440
831
575
650
139
802
962
719
640
538
122
43
762 285
611
842
929 67
665 481
456
473
592
630 590
791
451
472
505
457
900
749 366
698 587
302
367
168 338
610
540
745
790
220
690
875
486
691
530
676 382
520
177
983
167
980 414
512 750
474 30
897 137
348
907
732
504
329
347
131 206
187
862 471
994
141
416
648
702
888
843
799
915 885
966
928 653
453
869
222
514
404
667
250 487
561
705 527
105 700
248 218
70
378
733
810 548
362
142
822
713
663
852
480
604
427 876
870
39
989
953 445
358
121
944
895
616
75
521 318
260
978
625 76
115 475
971
205
35
303
282
859
267
692
772
311
138 814
349
564 133
537 813
902 359
109
945 643
865
654
549
439
463
571 524
603 447
113
322 498
444 20
874
460
784
766
90
646
660 84
326
687
233
380
545 879
629
64 657
809
626
893
746
170
913
85 350
123 806
77
708
886
420
811
78
294
29
103
442
985 781
63
948
823
844
94 31
178
710 903
490 595
184
959
569
515
164
780
765 343
741
27 180
764
219
955
850
912 579
278
408 800
734
768
965 246
578 37
649
145
551
101 525
256 401
265
662 607
833 18
834 134
744 130
841 114
767
817 51
979 6
269 270
863
176
614
7
963
186
757
752 659
632 501
878
