716850
877
167
149
844
120
638
831
35
460
874
164
875
453
869
864
442
141
842
830
315
136
839
178
154
483
843
558 750
274
127
655
649
39
282
456
929 534
485
656
258
319
220
41
643 909
752 501
713
113
287
132
652
658
177
571 524
135
16
62
563 535
293
900
472
317
691
294
103
439
10 940
174
704
279
647
639
100
523 543
629
626
893
718
955
764
278
568 527
926
14
969
340
349
363 607
261
738
905
463
304 6
849
627
959
515
678
747
201
121
651 52
9
734
104 123
268
516
722
978
971
865
669
352
690
128 474
994
944
140
608 46
98
250 967
232
593
189
724
378
159
370
954
860
21
203
506
334
356
354
983
645
569
311
158 838
824 93
878
829
329
972
275
561
473
360
369
434 94
699 710
254
181
730
736
211
925
694
938
479
683 206
45
105 794
5
939
526
554
517 751
935
891 183
216
468
160 862
791
771
560
576
229
256 259
197
654
549
766
280 289
986
195 685
179
225
836
706
888
702
348
611
741
219
27 343
450
281
228
677
435
890
493
826
477
512 331
672
961 686
59 715
688
907
67 244
285 31
325
644
309
536
767
867
520
796 957
784
646
660 84
90
970
575
802
345 930
529 599
25
602
396
845
623
397
950
129 879
757
958 711
761
251
596
567
663
480
222
514
92
260
496 548
733
705 946
885 653
368 426
74
57 675
427 199
932 238
421
530
380
739
242 12
297 131
385 769
635 118
707
257 901
785
848
381
952 214
968 897
137 866
454 30
99 147
23
960 953
20 582
138 814
936
49 482
834 151
196
413 583
436
619 310
492 221
502
965 246
956 573
470 503
411
96 587
155 758
38
586 735
765 695
339 511
636 622
580 231
384 415
997
290 269
153 868
344 980
157 542
172 846
588
806 350
77
40 659
169 974
882 612
979 668
376 973
117 134
537 372
998
665 988
513 386
591
832 698
803
579 525
840 835
562 717
78
286
72 388
984 945
809
921
324 365
394 620
666 327
218 116
812
777
585 494
504
146 876
813 359
564 133
69 581
438 414
163 101
190 383
462
572 903
553 595
476 853
681 375
364
81
402 405
313
65 223
87
547 726
408 800
768
145
321 76
393
328
671
701 615
617 55
992
716 991
200 858
881 609
272
770 740
521 892
817 662
551
273 417
787
330 175
395 95
883 102
461 631
409 236
584
412
18 684
464 37
371 763
262 191
392 805
432 398
416
709 198
975
920 919
594
633 459
714 204
50
912 234
825 774
697 518
418 91
933
857 522
347
577 894
34
433
605
964
815
977 355
937 934
557
509
808 382
341 335
947 108
841 114
744 981
789 982
481 590
0 44
458 996
366 566
801 79
780
51 403
336 661
162 749
83
249 47
217
550
429
788 990
856 455
64 657
753 995
779
88 589
419 428
628 630
171 173
776
762 773
745
451
406
8 510
80 993
544 422
721 2
898 188
731 916
168 478
896
872 884
804
528 670
847 871
487 143
475 156
115 180
942
541
226 295
401 598
775
22
555
444 237
498 795
597
624 152
212
89
924
391
443 495
500
906
48
424 781
720 215
519
760 816
821
71 999
754
603 390
61 943
987
664 126
887
559
531
389
915 373
797 759
819
679
689 207
497
818 469
70
32 150
202
337 985
248 490
227 949
7
963
4
823
265
799
910 911
361
778
332
387
430
507
28
604
11
298
19
446
423
756
899
533
728
732
565
786
306 703
213
404
810 782
820
109
700 941
420
811
338 15
367
302
505
63
578 410
247
255
873 471
723
499
532
743
73
931
601 783
546
696 918
725
928 243
833 837
82 182
737 407
400
807
574
508
539
210
245
148
790
431
712
241
570
951
742
822
729
746
913
353 828
674 676
640
538
13
606
230
358
233
545 399
205
827
300
266 270
161 271
377
592
540
922
880
224 484
855
252 54
962
719
440
425
792
357
351
556
923
889
966
673 26
239
75
616
755
184
727
613
917
976
333
208
852
948
346
193
374
708
886
457
66 291
3
307 263
667
326
687
379
209
680
277
68 85
692
267
772
552 86
693
130 902
139
641
895
240
264 165
610
989
437 927
166
296
288 253
650
600 793
908
342
362
648
292
1
914
682
43
312
283
904 53
235
314
17
625 318
303
187
301
488
305
56
320
97 798
194
467
322 861
284
42
276
186
299
192
642
863
176
614
748
