167 296 249 162 260 137 187 285 129 79 213 121 50 271 160 42 118 201 205 12 176 251 256 208 132 183
180 85 24 127 218 225 261 200 245 96 174 202 158 191 177 73 48 101 16 196 155 154 97 1 84 169 274
216 212 148 159 95 18 15 156 28 217 282 68 89 76 25 98 223 55 112 30 206 293 257
54 88 286 203 58 227 38 57 224 230 128 146 254 82 111 6 6 131 5 266 106 228 279 94 52 173 130
116 103 294 276 273 74 226 39 284 204 209 207 22 147 90 235 139 10 78 297 71 262 240 49 274 183































































































